# Created by Octave 4.4.1, Sun May 31 14:53:25 2020 CST <zhanghongliang@192.168.1.107>
# name: A
# type: matrix
# rows: 3
# columns: 3
 1 2 3
 4 5 6
 7 8 9


