# Created by Octave 4.4.1, Sat May 30 20:58:40 2020 CST <zhanghongliang@192.168.1.107>
# name: A
# type: matrix
# rows: 3
# columns: 3
 1 2 3
 4 5 6
 7 8 9


